n = 10

Main:
1.759529e-03
1.486778e-03
1.278162e-03
1.481533e-03
1.601219e-03
1.449108e-03
1.408815e-03
1.500130e-03
1.483440e-03
1.341105e-03
1.411676e-03
1.506329e-03
1.385212e-03
1.537085e-03
1.527548e-03
1.342535e-03
1.751423e-03
1.301765e-03
1.414537e-03
1.397610e-03
1.547098e-03
1.483202e-03
1.543999e-03
1.438856e-03
1.400948e-03
1.570225e-03
1.405239e-03
1.434088e-03
1.292467e-03
1.487494e-03
1.547337e-03
1.375675e-03
1.610756e-03
1.425028e-03
1.737356e-03
1.643896e-03
1.491308e-03
1.538038e-03
1.526833e-03
1.450539e-03
1.393080e-03
1.545906e-03
1.464367e-03
1.357555e-03
1.395702e-03
1.411438e-03
1.544237e-03
1.462936e-03
1.792192e-03
1.759768e-03
1.496315e-03
1.509666e-03
1.451015e-03
1.565695e-03
1.621485e-03
1.483202e-03
1.508236e-03
1.348972e-03
1.487970e-03
1.633167e-03
1.634836e-03
1.528263e-03
1.554489e-03
1.467943e-03
1.451015e-03
1.434565e-03
1.523972e-03
1.537323e-03
1.279593e-03
1.474380e-03
1.350880e-03
1.515865e-03
1.612186e-03
1.545429e-03
1.381874e-03
1.463652e-03
1.582384e-03
1.489162e-03
1.519680e-03
1.602888e-03
1.708984e-03
1.601934e-03
1.893282e-03
1.655579e-03
2.024412e-03
1.608133e-03
1.468897e-03
1.596451e-03
2.399921e-03
1.637459e-03
1.735687e-03
1.517773e-03
1.497746e-03
1.409054e-03
1.724720e-03
1.436710e-03
1.466990e-03
1.459599e-03
1.425982e-03
1.497269e-03

Main1:
1.923561e-03
1.615047e-03
1.447201e-03
1.628399e-03
1.410961e-03
1.439571e-03
1.580238e-03
1.402617e-03
1.572371e-03
1.466513e-03
1.527071e-03
1.471043e-03
1.551390e-03
1.520157e-03
1.412392e-03
1.693487e-03
1.551867e-03
1.399994e-03
1.539707e-03
1.505375e-03
1.506329e-03
1.894236e-03
1.437664e-03
1.395464e-03
1.427650e-03
1.441717e-03
1.548290e-03
1.483202e-03
1.575232e-03
1.566410e-03
1.636267e-03
1.441240e-03
1.522779e-03
1.479864e-03
1.504421e-03
1.474619e-03
1.634836e-03
1.552582e-03
1.530409e-03
1.612663e-03
1.828432e-03
1.400709e-03
1.585484e-03
1.394510e-03
1.495838e-03
1.677275e-03
1.600504e-03
1.907110e-03
1.366615e-03
1.557350e-03
1.550198e-03
1.523256e-03
1.561403e-03
1.580715e-03
1.761436e-03
1.563311e-03
1.652002e-03
1.452446e-03
1.640558e-03
1.389265e-03
1.657009e-03
1.672983e-03
1.556158e-03
1.990080e-03
1.561880e-03
1.426935e-03
1.551390e-03
1.506329e-03
1.588821e-03
1.451731e-03
1.642466e-03
1.406670e-03
1.429796e-03
1.520395e-03
1.493216e-03
1.525879e-03
1.487970e-03
1.519203e-03
1.752615e-03
1.511574e-03
1.614332e-03
1.796722e-03
1.545191e-03
1.442671e-03
1.614332e-03
1.616955e-03
1.576900e-03
1.499891e-03
1.413584e-03
1.464844e-03
1.517057e-03
1.512527e-03
1.351833e-03
1.479864e-03
1.553774e-03
1.444578e-03
1.337290e-03
1.476288e-03
1.449823e-03
1.642227e-03

Main2:
1.679659e-03
1.676321e-03
1.544237e-03
1.495838e-03
2.050161e-03
1.708984e-03
1.767874e-03
1.566172e-03
2.126932e-03
1.507998e-03
1.579285e-03
1.479864e-03
1.513481e-03
1.559258e-03
2.701521e-03
1.504183e-03
2.660513e-03
1.542568e-03
1.622677e-03
1.626253e-03
1.827955e-03
1.602411e-03
1.540899e-03
1.487732e-03
1.439571e-03
1.542330e-03
1.736879e-03
1.450777e-03
2.025366e-03
1.527786e-03
1.793146e-03
1.453638e-03
1.625299e-03
1.552820e-03
1.510620e-03
1.486301e-03
1.523256e-03
1.538754e-03
1.506805e-03
1.662731e-03
1.548767e-03
1.621008e-03
1.694679e-03
1.670361e-03
1.455545e-03
1.495361e-03
1.657009e-03
1.421690e-03
1.540184e-03
1.529694e-03
1.654148e-03
1.638174e-03
1.536131e-03
1.607656e-03
1.584291e-03
1.449347e-03
1.528263e-03
1.501083e-03
1.641273e-03
1.377583e-03
1.537800e-03
1.365185e-03
1.541376e-03
1.694202e-03
1.456738e-03
1.748800e-03
1.500607e-03
1.649857e-03
1.777649e-03
1.756668e-03
1.478910e-03
1.487732e-03
1.705885e-03
1.548767e-03
1.724482e-03
1.671314e-03
1.698971e-03
1.538754e-03
1.685381e-03
1.691103e-03
1.694441e-03
1.471281e-03
1.618624e-03
1.461983e-03
1.820803e-03
1.659393e-03
1.534700e-03
1.755238e-03
1.557112e-03
1.576900e-03
1.683712e-03
1.579285e-03
1.946449e-03
1.608372e-03
1.624107e-03
1.517773e-03
1.514673e-03
1.459122e-03
1.471996e-03
1.570463e-03

Main3:
2.058268e-03
1.628876e-03
1.536369e-03
1.611948e-03
1.497984e-03
1.514196e-03
1.764059e-03
1.556396e-03
1.393318e-03
1.551151e-03
1.473904e-03
1.876116e-03
1.475811e-03
1.663446e-03
1.666069e-03
1.449585e-03
1.575708e-03
1.594782e-03
1.704454e-03
1.423597e-03
2.836227e-03
1.534700e-03
1.521587e-03
1.357555e-03
1.583815e-03
1.723528e-03
1.358747e-03
1.515150e-03
1.507521e-03
2.563238e-03
1.564741e-03
2.279997e-03
1.651049e-03
1.543522e-03
1.594543e-03
1.393557e-03
1.397133e-03
1.694679e-03
1.529932e-03
1.452684e-03
1.561642e-03
1.632690e-03
1.528740e-03
1.929998e-03
1.593828e-03
1.562595e-03
1.560688e-03
1.657248e-03
2.024174e-03
1.622200e-03
1.538038e-03
1.515150e-03
1.677752e-03
1.636982e-03
1.464128e-03
1.614571e-03
1.555920e-03
1.786709e-03
1.610994e-03
1.623154e-03
1.638889e-03
1.717329e-03
1.604319e-03
1.666069e-03
1.730204e-03
1.620293e-03
1.462460e-03
2.228498e-03
1.518965e-03
1.555920e-03
2.235413e-03
1.569033e-03
1.670122e-03
1.513243e-03
1.621723e-03
1.551628e-03
1.416445e-03
1.719236e-03
1.676321e-03
1.626253e-03
1.662493e-03
1.477242e-03
1.744509e-03
1.573324e-03
1.601219e-03
2.433300e-03
1.578331e-03
1.549959e-03
2.025843e-03
1.638174e-03
2.082586e-03
1.540661e-03
1.943350e-03
1.509905e-03
1.811743e-03
2.154112e-03
1.581907e-03
1.443386e-03
1.640081e-03
1.606941e-03


















n = 100

Main:
1.985312e-03
1.454592e-03
1.933813e-03
1.620531e-03
1.423597e-03
1.478910e-03
1.468897e-03
1.444578e-03
1.567841e-03
1.579285e-03
1.646280e-03
1.563549e-03
1.825809e-03
1.485586e-03
1.558781e-03
1.391411e-03
1.638651e-03
1.645803e-03
1.673222e-03
1.573563e-03
1.657963e-03
1.849174e-03
2.057076e-03
1.640558e-03
1.369715e-03
1.986742e-03
1.405478e-03
1.532555e-03
1.487732e-03
1.489878e-03
1.626492e-03
1.437426e-03
1.617432e-03
1.684904e-03
1.535654e-03
2.141953e-03
1.451015e-03
1.352549e-03
1.800776e-03
1.304626e-03
1.485825e-03
1.512766e-03
1.791954e-03
1.510143e-03
1.447201e-03
1.464367e-03
1.414299e-03
1.685858e-03
1.434803e-03
1.598358e-03
1.543283e-03
1.819849e-03
2.002001e-03
1.699448e-03
1.638889e-03
1.670122e-03
1.916647e-03
1.222134e-03
1.652241e-03
1.547337e-03
1.568794e-03
1.535177e-03
1.441956e-03
1.574516e-03
1.629114e-03
1.899004e-03
1.522541e-03
1.536369e-03
1.770973e-03
1.537561e-03
1.715899e-03
1.403093e-03
1.524448e-03
1.881599e-03
1.650810e-03
1.647472e-03
1.553774e-03
1.744032e-03
1.590967e-03
1.545191e-03
1.468897e-03
1.478195e-03
1.537800e-03
1.420259e-03
1.745224e-03
1.586676e-03
1.705885e-03
1.501322e-03
1.989126e-03
1.516819e-03
1.553297e-03
1.480341e-03
1.854897e-03
1.407146e-03
1.505852e-03
1.662970e-03
1.522303e-03
1.616240e-03
1.624346e-03
1.507759e-03

Main1:
1.940012e-03
1.463175e-03
1.479149e-03
2.461433e-03
1.395702e-03
1.742840e-03
1.361847e-03
1.547813e-03
1.545668e-03
1.819372e-03
1.516581e-03
1.507998e-03
1.476526e-03
1.431704e-03
1.435041e-03
1.594305e-03
1.500368e-03
1.909256e-03
1.463413e-03
1.475334e-03
1.599550e-03
1.491785e-03
1.399279e-03
1.493216e-03
1.455069e-03
1.543999e-03
2.417088e-03
1.423359e-03
1.369476e-03
1.747131e-03
1.586199e-03
1.794577e-03
1.407862e-03
2.775192e-03
1.474142e-03
1.667261e-03
1.584291e-03
1.627684e-03
1.844645e-03
1.709223e-03
1.581192e-03
1.699209e-03
1.481056e-03
1.777411e-03
1.718283e-03
1.535416e-03
1.610994e-03
1.540422e-03
1.443624e-03
1.496553e-03
1.452446e-03
1.511097e-03
1.562595e-03
1.410961e-03
1.605749e-03
1.451492e-03
1.593113e-03
1.495838e-03
1.616955e-03
1.420975e-03
1.476765e-03
1.606464e-03
2.245665e-03
1.579762e-03
1.524448e-03
1.477242e-03
1.453876e-03
1.456022e-03
1.618385e-03
1.497746e-03
1.545906e-03
1.511097e-03
1.585484e-03
1.602650e-03
1.593828e-03
1.574516e-03
1.497984e-03
1.896620e-03
1.570463e-03
1.569510e-03
1.401424e-03
1.325846e-03
1.534939e-03
1.660109e-03
2.111673e-03
1.683235e-03
1.595259e-03
1.524925e-03
1.586199e-03
1.677036e-03
1.442432e-03
1.432180e-03
1.598120e-03
1.692057e-03
1.715183e-03
2.651691e-03
1.867771e-03
1.465321e-03
1.506805e-03
1.481533e-03

Main2:
1.933813e-03
1.605749e-03
1.669645e-03
1.526833e-03
1.483679e-03
1.603842e-03
1.398325e-03
1.667976e-03
5.178452e-03
1.633167e-03
1.773119e-03
1.912355e-03
1.657486e-03
1.684427e-03
1.867533e-03
2.106667e-03
1.701355e-03
1.589060e-03
2.896070e-03
2.354145e-03
1.696587e-03
1.539946e-03
1.532793e-03
1.420975e-03
1.603603e-03
1.529694e-03
1.527786e-03
1.725912e-03
1.628399e-03
1.852751e-03
1.603603e-03
1.703024e-03
2.057552e-03
1.717091e-03
1.588583e-03
1.817703e-03
1.748323e-03
1.553059e-03
1.332045e-03
1.670837e-03
1.724243e-03
1.564741e-03
1.590490e-03
1.208448e-02
1.552582e-03
1.569271e-03
1.507521e-03
1.470327e-03
1.622200e-03
1.651525e-03
1.517296e-03
1.583815e-03
1.556396e-03
1.520634e-03
1.522541e-03
1.598358e-03
1.457691e-03
1.671791e-03
1.550674e-03
1.946449e-03
1.695871e-03
1.500130e-03
1.598597e-03
1.507521e-03
1.578093e-03
1.446247e-03
1.606703e-03
1.660585e-03
1.731634e-03
1.858234e-03
2.000570e-03
1.680374e-03
1.749992e-03
1.520872e-03
1.566887e-03
1.610041e-03
1.494646e-03
2.108812e-03
1.672745e-03
1.533270e-03
1.559734e-03
1.600504e-03
2.072573e-03
1.458168e-03
1.485586e-03
1.658916e-03
1.534224e-03
1.498222e-03
1.577377e-03
1.642942e-03
1.529455e-03
1.480818e-03
1.976252e-03
2.543688e-03
1.605511e-03
1.602650e-03
1.481295e-03
1.612902e-03
1.637220e-03
1.669407e-03

Main3:
1.845837e-03
1.590729e-03
1.698971e-03
2.031326e-03
1.465559e-03
1.693010e-03
1.623631e-03
1.618624e-03
1.667023e-03
1.694202e-03
1.857996e-03
1.341200e-02
1.642704e-03
1.672268e-03
1.610518e-03
2.032042e-03
1.578093e-03
1.622438e-03
1.635790e-03
1.468897e-03
1.501560e-03
1.656771e-03
1.593351e-03
1.723766e-03
1.598358e-03
1.723051e-03
1.600027e-03
2.706289e-03
1.795292e-03
1.548529e-03
1.689434e-03
1.563311e-03
1.875877e-03
2.105713e-03
1.853704e-03
1.606226e-03
1.789093e-03
2.050877e-03
1.575470e-03
1.704931e-03
1.684666e-03
1.842499e-03
1.454115e-03
2.114296e-03
1.996994e-03
1.922607e-03
1.748085e-03
1.701355e-03
1.711845e-03
1.632929e-03
1.620770e-03
1.644135e-03
1.798868e-03
2.108812e-03
1.805067e-03
1.568794e-03
1.608133e-03
1.573086e-03
1.672745e-03
1.622200e-03
1.770496e-03
1.672268e-03
1.732588e-03
1.749754e-03
1.788855e-03
1.957893e-03
1.564980e-03
1.670599e-03
1.667738e-03
1.614332e-03
1.570463e-03
1.502752e-03
2.402782e-03
1.622915e-03
1.529455e-03
1.615524e-03
1.637220e-03
5.517960e-03
1.721859e-03
1.898527e-03
1.570225e-03
1.610756e-03
1.603603e-03
1.601458e-03
1.663923e-03
1.632690e-03
1.644611e-03
1.683950e-03
2.025604e-03
1.725912e-03
1.544476e-03
1.903534e-03
1.855373e-03
1.586437e-03
1.601696e-03
1.620770e-03
1.929522e-03
1.672983e-03
1.623154e-03
1.627207e-03















n = 1000

Main:
2.037764e-03
1.723528e-03
2.139330e-03
1.645088e-03
1.645803e-03
1.755714e-03
1.853943e-03
1.592398e-03
1.842260e-03
1.717806e-03
1.617193e-03
1.621246e-03
1.577377e-03
1.664162e-03
1.728773e-03
1.601696e-03
1.976967e-03
1.864433e-03
1.725674e-03
1.766205e-03
1.714945e-03
1.699448e-03
1.879454e-03
1.756191e-03
1.771688e-03
2.077579e-03
1.780987e-03
1.756430e-03
2.017975e-03
1.747370e-03
1.771450e-03
1.917362e-03
1.852512e-03
2.008438e-03
1.676083e-03
1.717806e-03
1.776695e-03
1.576185e-03
1.839161e-03
1.781464e-03
1.730919e-03
1.765490e-03
1.818895e-03
1.657248e-03
1.643658e-03
1.546383e-03
1.775265e-03
1.887321e-03
1.855135e-03
1.710653e-03
1.900196e-03
1.745462e-03
1.786709e-03
1.612663e-03
1.806498e-03
1.777887e-03
1.613855e-03
1.964331e-03
1.779079e-03
2.099276e-03
1.736403e-03
1.608133e-03
1.935244e-03
1.837730e-03
2.077579e-03
1.618624e-03
1.690149e-03
1.732826e-03
1.768112e-03
1.730680e-03
1.689434e-03
1.682043e-03
1.877308e-03
1.817465e-03
1.726389e-03
1.682758e-03
1.984835e-03
1.730442e-03
1.698732e-03
1.790285e-03
1.620054e-03
1.864672e-03
1.674652e-03
1.862764e-03
1.825571e-03
1.765728e-03
2.084017e-03
1.734018e-03
1.610518e-03
1.717806e-03
1.911640e-03
2.177477e-03
1.817465e-03
2.017498e-03
2.307892e-03
2.885342e-03
2.151728e-03
1.815081e-03
2.424479e-03
2.436876e-03

Main1:
1.803875e-03
1.653671e-03
1.636505e-03
1.657963e-03
1.676559e-03
1.659393e-03
1.497984e-03
1.510382e-03
1.597643e-03
1.725912e-03
1.802683e-03
1.827002e-03
1.760721e-03
1.604319e-03
2.296209e-03
1.579046e-03
1.554489e-03
1.578569e-03
1.640320e-03
1.551151e-03
1.792431e-03
1.715422e-03
1.703978e-03
1.707792e-03
1.550674e-03
1.686573e-03
1.608133e-03
1.544952e-03
1.774073e-03
1.698256e-03
1.723766e-03
1.765013e-03
1.637697e-03
1.593113e-03
1.608372e-03
1.635790e-03
1.591444e-03
1.886368e-03
1.722097e-03
1.684427e-03
1.682997e-03
1.726627e-03
1.779079e-03
1.881361e-03
1.813173e-03
1.791239e-03
1.513481e-03
1.867294e-03
1.749277e-03
1.792908e-03
1.642466e-03
1.870871e-03
1.618147e-03
1.758337e-03
1.511335e-03
1.720428e-03
1.699209e-03
1.640081e-03
2.051115e-03
1.700401e-03
1.680613e-03
1.886368e-03
1.724958e-03
1.811266e-03
1.767159e-03
1.766443e-03
1.833677e-03
1.746893e-03
1.673937e-03
1.824379e-03
1.785517e-03
1.696348e-03
1.759052e-03
1.716614e-03
1.675367e-03
1.693010e-03
1.664639e-03
2.991199e-03
1.639366e-03
1.696110e-03
2.004862e-03
1.718521e-03
1.540661e-03
1.739025e-03
1.637220e-03
1.537323e-03
1.728058e-03
1.726866e-03
1.757860e-03
1.639605e-03
1.789093e-03
1.702070e-03
1.586437e-03
1.649618e-03
1.504421e-03
1.623631e-03
1.767874e-03
1.767874e-03
1.632690e-03
1.713991e-03

Main2:
1.982689e-03
1.576900e-03
1.686573e-03
1.973152e-03
1.846790e-03
1.800776e-03
2.126455e-03
1.687288e-03
1.661539e-03
1.707077e-03
1.635313e-03
2.125025e-03
1.720428e-03
1.697779e-03
1.743555e-03
2.177477e-03
1.713753e-03
2.333879e-03
1.745224e-03
1.730442e-03
1.635313e-03
1.642942e-03
1.704931e-03
2.082825e-03
1.582861e-03
1.577377e-03
1.595736e-03
1.703262e-03
1.755714e-03
2.128601e-03
1.591921e-03
1.650810e-03
1.772881e-03
1.781702e-03
1.717806e-03
1.857758e-03
2.157688e-03
1.651287e-03
1.754761e-03
2.058983e-03
1.915932e-03
1.704454e-03
1.668453e-03
1.720667e-03
2.100945e-03
1.618862e-03
1.908779e-03
1.883984e-03
1.634121e-03
1.747131e-03
1.677752e-03
1.641035e-03
1.890659e-03
1.650810e-03
1.655102e-03
1.719713e-03
5.520892e-02
2.902508e-03
1.656771e-03
1.647949e-03
2.166748e-03
1.662493e-03
1.781940e-03
1.711607e-03
3.796101e-03
1.661777e-03
1.758337e-03
1.700163e-03
1.832962e-03
1.668692e-03
1.665592e-03
1.753569e-03
1.903296e-03
1.633883e-03
1.741886e-03
1.938105e-03
1.883268e-03
1.600742e-03
2.003670e-03
1.572609e-03
1.830101e-03
1.791477e-03
2.908595e-01
1.737595e-03
1.955271e-03
1.801014e-03
1.412630e-03
1.707554e-03
1.794338e-03
1.585722e-03
1.713276e-03
1.959085e-03
1.664400e-03
1.700878e-03
1.771450e-03
1.811266e-03
1.742363e-03
2.944946e-03
1.770258e-03
2.699375e-03

Main3:
1.966238e-03
1.593113e-03
1.722097e-03
1.627922e-03
1.735210e-03
1.775265e-03
1.621962e-03
1.745462e-03
1.948595e-03
1.757145e-03
2.115965e-03
1.695156e-03
1.566172e-03
2.089262e-03
1.682997e-03
1.673222e-03
1.542091e-03
1.721144e-03
1.663685e-03
1.777649e-03
1.727819e-03
1.539946e-03
1.749992e-03
1.749754e-03
1.864672e-03
2.014160e-03
1.734018e-03
1.671076e-03
1.685858e-03
1.724720e-03
1.791954e-03
1.902819e-03
1.759768e-03
1.849651e-03
2.115965e-03
1.797915e-03
1.837969e-03
1.582861e-03
1.657486e-03
1.714468e-03
1.672506e-03
1.716375e-03
1.953602e-03
1.606941e-03
1.741648e-03
1.637697e-03
2.182961e-03
1.679897e-03
1.895905e-03
4.091978e-03
2.002478e-03
1.747370e-03
2.012491e-03
1.639128e-03
1.799107e-03
3.287792e-03
1.836777e-03
1.808405e-03
1.915693e-03
1.811981e-03
1.939774e-03
1.742125e-03
1.659632e-03
1.652479e-03
1.737118e-03
1.868963e-03
1.663923e-03
1.796246e-03
6.257534e-03
1.777411e-03
1.550198e-03
1.853228e-03
1.900911e-03
1.785755e-03
2.225161e-03
1.633167e-03
1.761675e-03
2.928019e-03
1.759529e-03
1.553059e-03
2.493143e-03
1.901150e-03
1.679659e-03
1.682997e-03
1.708984e-03
1.631975e-03
1.688719e-03
2.277136e-03
1.636744e-03
1.750231e-03
1.643896e-03
1.689911e-03
1.502514e-03
1.775503e-03
1.779795e-03
1.754999e-03
1.616716e-03
1.652479e-03
1.641512e-03
1.637697e-03














n = 10000

Main:
2.033234e-03
2.599716e-03
1.841068e-03
1.695156e-03
1.777887e-03
2.104282e-03
1.656532e-03
1.889706e-03
1.835108e-03
1.814365e-03
2.145767e-03
1.766682e-03
1.766920e-03
1.642466e-03
1.687050e-03
1.921892e-03
1.858473e-03
1.697779e-03
1.841068e-03
1.725435e-03
1.855850e-03
1.819372e-03
1.763582e-03
2.568245e-03
1.815557e-03
2.103329e-03
2.148867e-03
2.001762e-03
2.252102e-03
2.628326e-03
1.829624e-03
2.036095e-03
1.831293e-03
1.907587e-03
1.828909e-03
1.826763e-03
1.747131e-03
1.824379e-03
1.910210e-03
1.931429e-03
1.897097e-03
1.778603e-03
1.821041e-03
1.998663e-03
2.059698e-03
2.497911e-03
1.805782e-03
1.927376e-03
1.849413e-03
2.063990e-03
1.965523e-03
2.008438e-03
2.181768e-03
2.058506e-03
1.866817e-03
1.731157e-03
2.391100e-03
1.756430e-03
2.035379e-03
1.995087e-03
1.765728e-03
1.833916e-03
1.847029e-03
1.917362e-03
1.868963e-03
1.857281e-03
1.918554e-03
2.004862e-03
1.801014e-03
1.914501e-03
1.829386e-03
1.814842e-03
1.871347e-03
1.889706e-03
1.742125e-03
1.938343e-03
2.010822e-03
2.082348e-03
1.899004e-03
2.139091e-03
1.796961e-03
1.916409e-03
1.912832e-03
1.846552e-03
1.823425e-03
1.836538e-03
1.854897e-03
1.866579e-03
1.805782e-03
1.956224e-03
2.472401e-03
1.674175e-03
1.863241e-03
1.780272e-03
1.965523e-03
1.875639e-03
2.016306e-03
1.836300e-03
2.060890e-03
1.845121e-03

Main1:
2.182722e-03
2.103090e-03
1.872778e-03
2.031326e-03
2.290726e-03
1.842976e-03
1.724720e-03
1.744747e-03
1.829863e-03
1.660347e-03
1.853228e-03
1.962900e-03
1.767159e-03
1.811743e-03
1.937866e-03
2.035618e-03
1.847744e-03
1.823902e-03
1.852274e-03
1.926184e-03
1.932859e-03
1.974344e-03
2.484798e-03
2.927303e-03
1.842260e-03
1.792192e-03
2.042770e-03
2.000809e-03
1.711369e-03
1.884460e-03
6.907463e-03
1.908302e-03
1.927853e-03
1.944065e-03
1.901865e-03
1.861095e-03
2.022982e-03
3.126621e-03
1.982689e-03
1.804590e-03
1.840830e-03
1.797438e-03
1.940012e-03
1.961231e-03
2.110481e-03
1.921654e-03
1.964808e-03
1.933098e-03
2.315044e-03
1.684666e-03
2.036333e-03
2.048254e-03
2.094030e-03
1.999617e-03
1.959562e-03
2.899170e-03
1.931190e-03
1.824379e-03
2.073526e-03
1.904488e-03
2.065659e-03
1.826048e-03
1.962185e-03
1.820326e-03
2.451181e-03
1.895189e-03
2.026796e-03
2.239943e-03
1.908541e-03
1.956224e-03
1.785278e-03
2.067566e-03
2.310514e-03
1.762390e-03
1.991987e-03
1.864195e-03
2.019405e-03
2.206087e-03
1.957178e-03
1.833916e-03
1.940727e-03
1.955509e-03
1.804590e-03
1.928091e-03
1.793146e-03
2.073526e-03
1.796484e-03
1.954794e-03
2.073288e-03
1.923084e-03
2.009630e-03
2.107143e-03
1.939297e-03
2.117872e-03
1.842260e-03
1.993179e-03
1.982450e-03
1.886368e-03
1.760960e-03
1.828909e-03

Main2:
2.442122e-03
1.605988e-03
1.824617e-03
1.674652e-03
1.947880e-03
2.022743e-03
1.743793e-03
1.871586e-03
1.699686e-03
1.719236e-03
1.913786e-03
1.738787e-03
1.766205e-03
1.819611e-03
1.698971e-03
1.637697e-03
1.949549e-03
1.761675e-03
3.314734e-03
1.783609e-03
1.893044e-03
1.669168e-03
1.673937e-03
1.803637e-03
1.711369e-03
1.664162e-03
1.750708e-03
1.747847e-03
1.954079e-03
1.724958e-03
1.609087e-03
1.918554e-03
1.755953e-03
2.007008e-03
1.631975e-03
1.769066e-03
1.762629e-03
1.712799e-03
2.003670e-03
1.859188e-03
2.031565e-03
1.848459e-03
2.641916e-03
1.810789e-03
1.788855e-03
2.215147e-03
2.022743e-03
2.295256e-03
1.852989e-03
2.173185e-03
1.913786e-03
1.889944e-03
1.706362e-03
2.022743e-03
1.778126e-03
1.956940e-03
2.168417e-03
1.853228e-03
2.404451e-03
2.154112e-03
1.823664e-03
1.953840e-03
2.352715e-03
1.845121e-03
2.315283e-03
2.167225e-03
1.862764e-03
1.888752e-03
2.044916e-03
2.373934e-03
2.170086e-03
1.754761e-03
2.028942e-03
1.810551e-03
2.213955e-03
1.796961e-03
1.938343e-03
1.960039e-03
1.858711e-03
1.782942e-02
2.739906e-03
1.811028e-03
1.920223e-03
1.828432e-03
1.963854e-03
1.653194e-03
2.628326e-03
2.050877e-03
1.914501e-03
2.198696e-03
2.026558e-03
2.642393e-03
2.732754e-03
2.346277e-03
1.927614e-03
1.833200e-03
1.717091e-03
1.734734e-03
1.766205e-03
1.810789e-03

Main3:
2.192020e-03
1.994610e-03
1.754999e-03
1.893759e-03
1.907110e-03
1.955509e-03
1.890421e-03
1.602888e-03
1.696825e-03
1.848698e-03
2.288580e-03
1.864195e-03
2.010345e-03
2.055407e-03
1.817703e-03
2.076149e-03
1.911402e-03
1.576185e-03
2.054453e-03
2.189159e-03
1.771212e-03
1.877546e-03
1.677990e-03
1.831770e-03
1.860380e-03
1.706839e-03
2.048492e-03
1.730204e-03
1.672506e-03
1.812935e-03
1.970291e-03
2.421379e-03
1.887083e-03
2.088547e-03
2.155542e-03
1.788616e-03
3.022671e-03
1.899481e-03
1.915216e-03
1.927614e-03
1.886845e-03
1.969337e-03
1.826763e-03
1.994610e-03
2.111197e-03
1.840353e-03
1.854420e-03
2.159119e-03
1.947880e-03
1.776457e-03
2.108097e-03
1.830578e-03
1.910210e-03
1.681566e-03
2.040148e-03
1.828194e-03
1.799822e-03
2.132654e-03
1.878262e-03
1.805067e-03
1.836061e-03
2.544880e-03
1.977444e-03
1.890182e-03
3.710747e-03
2.068996e-03
2.676725e-03
1.783371e-03
1.799107e-03
1.652718e-03
1.791954e-03
1.878262e-03
1.680851e-03
1.909733e-03
1.953125e-03
1.927137e-03
1.889467e-03
1.991510e-03
1.962900e-03
2.010822e-03
2.061129e-03
2.176046e-03
4.083633e-03
1.733541e-03
1.957655e-03
1.738071e-03
1.832962e-03
1.972198e-03
1.927853e-03
1.887560e-03
1.953125e-03
1.961231e-03
1.002359e-02
2.065182e-03
1.897812e-03
1.936913e-03
2.098083e-03
1.931429e-03
1.629829e-03
2.022982e-03
